x; E_r; E_phi; E_z;  
0.01;0.17795524385146083;0.17795568409386744;0.0012383999459074531; 
0.060404040404;0.1776160907485795;0.1776321436731516;0.0074734709242430765; 
0.110808080808;0.1767926486804441;0.17684658844388992;0.013678655990330118; 
0.161212121212;0.17548823540654088;0.17560213410891026;0.019829154816503356; 
0.211616161616;0.17370810491953534;0.17390371481150535;0.025900410033524942; 
0.26202020202;0.17145942401628408;0.17175806130541224;0.03186821626256367; 
0.312424242424;0.16875124034654815;0.1691736711834127;0.03770882750527558; 
0.362828282828;0.16559444208877622;0.1661607713030757;0.043399062391408894; 
0.413232323232;0.16200170944143322;0.16273127258443174;0.04891640679363555; 
0.463636363636;0.1579874581565521;0.15889871738980524;0.05423911333194032; 
0.51404040404;0.1535677753793013;0.15467821973045787;0.05934629730481753; 
0.564444444444;0.1487603480932035;0.15008639857794967;0.06421802860165884; 
0.614848484848;0.14358438450505162;0.1451413045900543;0.06883541916998247; 
0.665252525253;0.13806052873636962;0.13986234059150293;0.07318070563245817; 
0.715656565657;0.13221076921930944;0.1342701761786513;0.077237326671921; 
0.766060606061;0.12605834122400944;0.1283866568442102;0.08098999482762616; 
0.816464646465;0.11962762397152557;0.12223470804333879;0.08442476237275438; 
0.866868686869;0.11294403281135384;0.11583823464554067;0.08752908097150254; 
0.917272727273;0.10603390696517942;0.10922201623782564;0.09029185484384901; 
0.967676767677;0.09892439335869349;0.10241159876339444;0.09270348719712236; 
1.01808080808;0.19379172696345048;0.09730072121981222;0.0918503975008602; 
1.06848484848;0.18228195072797487;0.09528723133933704;0.08608057524606233; 
1.11888888889;0.17182263280443263;0.09306035200931513;0.08083056665822061; 
1.16929292929;0.1622702303850853;0.09068969575682431;0.07603494892531386; 
1.2196969697;0.15350730578520158;0.08822787952520224;0.07163895150406402; 
1.2701010101;0.14543677379022096;0.08571482393481736;0.0675963569678955; 
1.32050505051;0.13797760576643495;0.08318087675790031;0.06386788098126395; 
1.37090909091;0.13106157931405177;0.08064910884922744;0.060419908322091; 
1.42131313131;0.12463078913331566;0.07813701978327846;0.05722349675055793; 
1.47171717172;0.11863571945114124;0.07565781724061041;0.05425358465738194; 
1.52212121212;0.1130337358031267;0.07322138511937196;0.051488355372938104; 
1.57252525253;0.10778789353905009;0.07083502197246504;0.04890872308230102; 
1.62292929293;0.10286598806832367;0.06850400835726449;0.046497913986456314; 
1.67333333333;0.09823979143406475;0.06623204561452263;0.044241122690497875; 
1.72373737374;0.09388443383000675;0.0640215972389958;0.04212522847355851; 
1.77414141414;0.08977789884076541;0.06187415589439308;0.04013855957560902; 
1.82454545455;0.08590060863414425;0.059790453273310534;0.038270696252529705; 
1.87494949495;0.08223508084595954;0.057770625739861636;0.03651230533507754; 
1.92535353535;0.0787656430153796;0.055814345559543385;0.03485500054483412; 
1.97575757576;0.07547819353215804;0.05392092519877418;0.03329122398986575; 
2.02616161616;0.07236000041586606;0.052089400442007876;0.031814145171078764; 
2.07656565657;0.06939953105425774;0.05031859676912587;0.03041757454047707; 
2.12696969697;0.06658630742268579;0.04860718244681847;0.029095889211589697; 
2.17737373737;0.06391078239077841;0.04695371103338197;0.027843968865175168; 
2.22777777778;0.06136423357121031;0.045356655417509745;0.026657140246183948; 
2.27818181818;0.05893867183386549;0.043814435064853295;0.025531128930740665; 
2.32858585859;0.056626762138470975;0.04232543779934821;0.02446201726974232; 
2.37898989899;0.05442175476110688;0.04088803717574529;0.023446207600176426; 
2.42939393939;0.05231742532854403;0.0395006062876663;0.022480389965417447; 
2.4797979798;0.05030802234719262;0.03816152868842004;0.021561513708529496; 
2.5302020202;0.048388221134439344;0.03686920696962488;0.020686762403430946; 
2.58060606061;0.0465530832400306;0.03562206943766836;0.01985353167194019; 
2.63101010101;0.0447980205922577;0.034418575244274593;0.019059409503596365; 
2.68141414141;0.04311876372453036;0.03325721826039735;0.018302158752413946; 
2.73181818182;0.04151133353760625;0.032136529928789216;0.01757970153252351; 
2.78222222222;0.03997201613531589;0.031055081287177228;0.01689010527468248; 
2.83262626263;0.038497340340296865;0.030011484318871174;0.016231570239287264; 
2.88303030303;0.03708405755358046;0.029004392759160218;0.015602418309895769; 
2.93343434343;0.0357291236699143;0.028032502462705583;0.015001082915277799; 
2.98383838384;0.03442968280109943;0.027094551418264598;0.01442609994838692; 
3.03424242424;0.033183052593704555;0.02618931948165695;0.013876099567993521; 
3.08464646465;0.03198671095637425;0.025315627885253128;0.013349798783525844; 
3.13505050505;0.030838284036452692;0.024472338571896478;0.012845994736343135; 
3.18545454545;0.029735535306518908;0.023658353392645617;0.012363558601546712; 
3.23585858586;0.028676355639263403;0.02287261320070045;0.011901430043800395; 
3.28626262626;0.027658754264419293;0.02211409686808293;0.011458612168712001; 
3.33666666667;0.026680850514591258;0.02138182024685723;0.011034166918316822; 
3.38707070707;0.025740866278137896;0.020674835092714856;0.01062721086526324; 
3.43747474747;0.02483711908703694;0.01999222796547526;0.010236911365565454; 
3.48787878788;0.02396801577612276;0.01933311911833413;0.00986248303437403; 
3.53828282828;0.02313204665743543;0.01869666138544456;0.009503184513216118; 
3.58868686869;0.022327780159808592;0.018082039075544457;0.009158315500657842; 
3.63909090909;0.02155385788940339;0.017488466877799955;0.008827214021407716; 
3.68949494949;0.02080899007176917;0.016915188784750276;0.008509253911572768; 
3.7398989899;0.0200919513402759;0.016361477036170177;0.0082038425001499; 
3.7903030303;0.019401576839519683;0.015826631086792893;0.007910418468921075; 
3.84070707071;0.018736758615593724;0.01530997660010162;0.007628449874766178; 
3.89111111111;0.018096442268027375;0.014810864469799056;0.007357432320038029; 
3.94151515152;0.017479623840760544;0.014328669870067047;0.007096887258088761; 
3.99191919192;0.016885346931793586;0.013862791335322203;0.006846360422319618; 
4.04232323232;0.016312700003165752;0.013412649869839406;0.006605420368266407; 
4.09272727273;0.015760813874703145;0.012977688087343321;0.00637365711924761; 
4.14313131313;0.015228859386568198;0.012557369380448111;0.006150680907007748; 
4.19353535354;0.014716045217060214;0.0121511771196483;0.005936120999596889; 
4.24393939394;0.014221615843381556;0.011758613881422448;0.005729624609450194; 
4.29434343434;0.013744849634215359;0.01137920070489979;0.005530855875279077; 
4.34474747475;0.013285057063974048;0.011012476376454309;0.00533949491196652; 
4.39515151515;0.012841579039485638;0.01065799674152417;0.0051552369231805395; 
4.44555555556;0.012413785330701407;0.010315334042906844;0.004977791371889193; 
4.49595959596;0.012001073097742362;0.009984076284745892;0.004806881204382955; 
4.54636363636;0.011602865507262628;0.009663826621402787;0.004642242123791158; 
4.59676767677;0.011218610431704992;0.009354202770395075;0.0044836219094232; 
4.64717171717;0.010847779225561795;0.009054836448577014;0.00433077977857599; 
4.69757575758;0.010489865573242232;0.008765372830741008;0.004183485787730484; 
4.74797979798;0.010144384403587739;0.008485470029824811;0.004041520270314824; 
4.79838383838;0.009810870866477969;0.008214798597921236;0.0039046733084430224; 
4.84878787879;0.009488879367332552;0.00795304104730109;0.0037727442362477303; 
4.89919191919;0.009177982655644418;0.007699891390677693;0.0036455411726166146; 
4.9495959596;0.00887777096398093;0.007455054699960259;0.0035228805813154; 
5.0;0.008587851194163068;0.007218246682764324;0.003404586856638833; 
